25 SECTORS
-40, 252, 0.8, 0.8, 2, 11, 0, 1, 2, 3, 4, 5, 10, 47, 48, 12, 49, 50, 115, 116, 117, 118, 119, 120, 121, 122, END,
40, 252, 0.8, 0.8, 7, 11, 0, 13, 14, 15, END,
-80, 252, 0.8, 0.8, 2, 11, 21, 22, 20, 71, END,
-54, 20, 0.8, 0.8, 2, 0, 27, 28, 29, END,
-88, 252, 0.8, 0.8, 2, 11, 21, 30, 31, 33, 37, 39, 72, 73, 74, 76, 77, 96, 95, 78, 79, 94, 80, 91, 81, 93, 92, 82, 83, 90, 84, 89, 86, 88, 85, 87, 32, 38, 124, 125, 126, 127, 128, 129, 130, 131, 132, 133, 134, 135, 136, 137, 138, 139, 35, 34, 36, END,
-40, 52, 0.49999997, 0.49999997, 11, 0, 10, 40, 46, 51, END,
88, 180, 0.8, 0.8, 2, 9, 47, 48, 9, 52, END,
88, 180, 0.8, 0.8, 2, 8, 49, 50, 11, END,
-40, 20, 1.0, 1.0, 7, 7, 51, 44, 43, 41, 45, 42, END,
88, 108, 0.29999998, 0.29999998, 2, 12, 52, 6, 7, 8, END,
88, 108, 0.0, 0.0, 2, 0, 7, 53, 54, 55, END,
40, 260, 0.8, 0.8, 0, 0, 31, 56, 57, 59, 32, 58, END,
32, 252, 0.8, 0.8, 6, 11, 4, 60, 61, 63, 62, END,
32, 252, 0.8, 0.8, 2, 11, 37, 64, 65, 67, 38, 66, END,
-48, 252, 0.8, 0.8, 2, 11, 68, 16, 2, 26, END,
-56, 252, 0.8, 0.8, 2, 11, 69, 25, 68, 17, END,
-64, 252, 0.8, 0.8, 2, 11, 70, 18, 69, 24, END,
-72, 252, 0.8, 0.8, 2, 11, 71, 19, 70, 23, END,
-64, 288, 0.8, 0.8, 6, 11, 75, 72, 73, 74, END,
-88, 252, 0.8, 0.8, 0, 11, 76, 77, 96, 75, 95, 78, 79, 94, 80, 91, 81, 93, 92, 82, 83, 90, 84, 89, 88, 123, END,
-40, 20, 0.39999998, 0.39999998, 0, 0, 101, 102, 98, 99, 104, 103, 100, 114, END,
-40, 108, 0.8, 0.8, 2, 0, 108, 109, 110, 111, 107, 113, END,
-40, 4, 0.8, 0.8, 2, 0, 113, 106, 101, 112, END,
-40, 4, 0.39999998, 0.39999998, 0, 0, 114, 97, 43, 105, END,
-64, 252, 0.8, 0.8, 0, 11, 123, 87, 86, 85, END,
140, WALLS,
16, 328, 208, 328, true, 7ef7c0ff, 0.5, 1, 0, 1, 0, 2.6666663, 0, 1.7000002,
208, 328, 208, 240, false, b6ba60ff, 0.5, 0, 0, 10, 0, 2.9545448, 0, 0.9,
208, 240, 208, 104, true, 3f69f0ff, 0.5, 14, 0, 3, 0, 1.0, 0, 1.0,
208, 104, 208, 0, false, 4bc87dff, 0.5, 0, 0, 10, 256, 2.2307692, 0, 1.0,
208, 0, 16, 0, true, fe748dff, 0.5, 12, 0, 1, 0, 3.299999, 0, 1.8000002,
16, 0, 16, 88, false, acee7fff, 0.5, 0, 0, 0, 0, 1.0, 0, 1.0,
16, 88, -8, 88, false, ac61f9ff, 0.3, 0, 0, 1, 0, 1.0, 0, 1.0,
-8, 88, -8, 112, true, adf956ff, 0.3, 10, 9, 0, 0, 1.0, 0, 1.0,
-8, 112, 16, 112, false, c24dc7ff, 0.3, 0, 0, 1, 0, 1.0, 0, 1.0,
16, 112, 16, 120, false, c9c4b2ff, 0.5, 0, 0, 2, 120, 1.0, 32, 1.0,
16, 120, 16, 200, true, 81e68aff, 0.5, 5, 0, 5, 0, 1.6, 0, 0.6999999,
16, 200, 16, 232, false, 294f3aff, 0.5, 0, 0, 2, 0, 1.0, 0, 1.0,
16, 232, 16, 328, false, 7a5244ff, 0.5, 0, 0, 0, 0, 1.0, 0, 1.0,
16, 328, 16, 352, false, caa3d0ff, 0.5, 1, 0, 11, 0, 1.0, 0, 1.0,
16, 352, 208, 352, false, bd661fff, 0.5, 0, 0, 11, 0, 1.0, 0, 1.0,
208, 352, 208, 328, false, 268785ff, 0.5, 0, 0, 11, 0, 1.0, 0, 1.0,
208, 240, 224, 240, false, d2c5c1ff, 0.5, 2, 0, 10, 164, 2.2999997, 0, 1.0,
224, 240, 240, 240, false, 54374fff, 0.5, 2, 0, 10, 0, 2.2999997, 0, 1.0,
240, 240, 256, 240, false, 29c7d0ff, 0.5, 2, 0, 10, 0, 2.2999997, 0, 1.0,
256, 240, 272, 240, false, 4bc253ff, 0.5, 2, 0, 10, 0, 2.2999997, 0, 1.0,
272, 240, 288, 240, false, 3935d7ff, 0.5, 2, 0, 10, 0, 2.2999997, 0, 1.0,
288, 240, 288, 104, true, f46baaff, 0.5, 4, 2, 3, 0, 1.0, 0, 1.0,
288, 104, 272, 104, false, 7f7a9eff, 0.5, 0, 0, 10, 0, 1.0, 0, 1.0,
272, 104, 256, 104, false, e33fbdff, 0.5, 0, 0, 10, 24, 1.0, -4, 1.2,
256, 104, 240, 104, false, 8d1cbeff, 0.5, 0, 0, 10, 0, 1.0, 0, 1.0,
240, 104, 224, 104, false, cbd0beff, 0.5, 0, 0, 10, 0, 1.0, 0, 1.0,
224, 104, 208, 104, false, e82eaaff, 0.5, 0, 0, 10, 0, 1.0, 0, 1.0,
248, 48, 280, 40, false, feed3bff, 0.5, 0, 0, 0, 0, 1.0, 0, 1.0,
280, 40, 272, 16, false, f5eba8ff, 0.5, 0, 0, 0, 0, 1.0, 0, 1.0,
272, 16, 248, 48, false, 726e69ff, 0.5, 0, 0, 0, 0, 1.0, 0, 1.0,
288, 240, 288, 328, false, f68589ff, 0.5, 4, 2, 10, 0, 1.0666667, 0, 1.0,
288, 328, 400, 328, true, b33c92ff, 0.70000005, 11, 4, 1, 0, 2.9545448, 0, 1.7000002,
400, 328, 504, 328, true, 8b3a41ff, 0.70000005, 11, 4, 1, 0, 2.9545448, 0, 1.7000002,
504, 328, 504, 240, false, 94356cff, 0.5, 0, 0, 11, 0, 1.0, 0, 1.0,
504, 240, 504, 160, false, 5e37d7ff, 0.5, 0, 0, 11, 0, 1.0, 0, 1.0,
504, 160, 504, 80, false, 7650bbff, 0.5, 0, 0, 11, 0, 1.0, 0, 1.0,
504, 80, 504, 0, false, 2b46d4ff, 0.5, 0, 0, 11, 0, 1.0, 0, 1.0,
504, 0, 392, 0, true, d2552cff, 0.5, 13, 4, 1, 0, 2.9999993, 0, 1.8000002,
392, 0, 288, 0, true, fd4798ff, 0.5, 13, 4, 1, 0, 2.9999993, 0, 1.8000002,
288, 0, 288, 104, false, 213fa6ff, 0.5, 0, 0, 10, 0, 1.0, 0, 1.0,
16, 120, 8, 120, false, fcf62aff, 0.3, 5, 0, 0, 0, 1.0, 0, 1.0,
8, 120, -56, 120, false, d4df5cff, 0.6, 5, 0, 9, 0, 1.3999997, 0, 1.0,
-56, 120, -56, 144, false, e19425ff, 0.5, 5, 0, 9, 0, 1.3999997, 0, 1.0,
-56, 144, -56, 176, true, bbdde1ff, 0.3, 23, 8, 9, 0, 1.6, 0, 1.0,
-56, 176, -56, 200, false, cb5f8cff, 0.5, 0, 0, 9, 0, 2.0, 0, 1.0,
-56, 200, 8, 200, false, 6a2ee8ff, 0.6, 0, 0, 9, 0, 2.0, 0, 1.0,
8, 200, 16, 200, false, f0f5dcff, 0.6, 0, 0, 0, 0, 8.599972, 0, 1.0,
16, 88, 32, 104, true, ac61f9ff, 0.70000005, 6, 0, 5, 0, 5.656854, 0, 1.0,
32, 104, 16, 120, true, 25f192ff, 0.0, 6, 0, 5, 0, 5.656854, 0, 1.0,
16, 232, 32, 216, true, 7a5244ff, 0.5, 7, 0, 5, 0, 5.656854, 0, 1.0,
32, 216, 16, 200, true, e7e44eff, 0.9000001, 7, 0, 5, 0, 5.656854, 0, 1.0,
8, 120, 8, 200, true, d4df5cff, 0.70000005, 8, 5, 12, 0, 1.6, 28, 2.0000002,
16, 112, 16, 88, true, c9c4b2ff, 0.5, 9, 6, 2, 8, 1.0, 0, 1.0,
-8, 88, -32, 88, false, d66f83ff, 0.10000002, 10, 9, 1, 0, 1.0, 0, 1.0,
-32, 88, -32, 112, false, 4b64f0ff, 0.20000002, 0, 0, 1, 0, 1.0, 0, 1.0,
-32, 112, -8, 112, false, 9572f7ff, 0.20000002, 0, 0, 1, 0, 1.0, 0, 1.0,
288, 328, 288, 352, false, d1ab3eff, 0.5, 11, 4, 11, 0, 1.0, 0, 1.0,
288, 352, 392, 352, false, c7e131ff, 0.5, 0, 0, 11, 0, 1.0, 0, 1.0,
392, 352, 504, 352, false, d8d529ff, 0.5, 0, 0, 11, 0, 1.0, 0, 1.0,
504, 352, 504, 328, false, f8a552ff, 0.5, 0, 0, 11, 0, 1.0, 0, 1.0,
208, 0, 208, -24, false, 31461fff, 0.5, 12, 0, 11, 0, 1.0, 0, 1.0,
208, -24, 112, -24, false, bd281eff, 0.5, 0, 0, 11, 0, 1.0, 0, 1.0,
112, -24, 16, -24, false, 7abda8ff, 0.5, 0, 0, 11, 0, 1.0, 0, 1.0,
16, -24, 16, 0, false, c1682aff, 0.5, 0, 0, 11, 0, 1.0, 0, 1.0,
504, 0, 504, -24, false, d29df0ff, 0.5, 13, 4, 11, 0, 1.0, 0, 1.0,
504, -24, 392, -24, false, 235b79ff, 0.5, 0, 0, 11, 0, 1.0, 0, 1.0,
392, -24, 288, -24, false, fef828ff, 0.5, 0, 0, 11, 0, 1.0, 0, 1.0,
288, -24, 288, 0, false, 486a87ff, 0.5, 0, 0, 11, 0, 1.0, 0, 1.0,
224, 104, 224, 240, true, e82eaaff, 0.5, 14, 15, 3, 0, 1.0, 0, 1.0,
240, 240, 240, 104, true, 29c7d0ff, 0.5, 15, 16, 3, 0, 2.2999997, 0, 1.0,
256, 104, 256, 240, true, 8d1cbeff, 0.5, 16, 17, 3, 0, 1.0, 0, 1.0,
272, 104, 272, 240, true, e33fbdff, 0.5, 17, 2, 3, 0, 1.0, 0, 1.0,
336, 56, 336, 32, true, 3084f7ff, 0.5, 18, 4, 3, 0, 1.0, 0, 1.0,
336, 32, 472, 32, true, 1c3da2ff, 0.5, 18, 4, 3, 0, 1.0, 0, 1.0,
472, 32, 472, 56, true, b1ac80ff, 0.5, 18, 4, 3, 0, 1.0, 0, 1.0,
472, 56, 336, 56, true, a97b94ff, 0.5, 18, 19, 3, 0, 1.0, 0, 1.0,
336, 56, 360, 80, true, 3084f7ff, 0.5, 19, 4, 3, 0, 1.0, 0, 1.0,
360, 80, 392, 80, true, a93375ff, 0.5, 19, 4, 3, 0, 1.0, 0, 1.0,
392, 80, 392, 152, true, 23ec31ff, 0.5, 19, 4, 3, 0, 1.0, 0, 1.0,
392, 152, 328, 152, true, 34e8cdff, 0.5, 19, 4, 3, 0, 1.0, 0, 1.0,
328, 152, 328, 192, true, 48e293ff, 0.5, 19, 4, 3, 0, 1.0, 0, 1.0,
328, 192, 392, 192, true, 1d4dcdff, 0.5, 19, 4, 3, 0, 1.0, 0, 1.0,
392, 192, 392, 240, true, bd6de7ff, 0.5, 19, 4, 3, 0, 1.0, 0, 1.0,
392, 240, 360, 240, true, 9d53c2ff, 0.5, 19, 4, 3, 0, 1.0, 0, 1.0,
360, 240, 328, 264, true, 657e37ff, 0.5, 19, 4, 3, 0, 1.0, 0, 1.0,
328, 264, 328, 288, true, 436d40ff, 0.5, 24, 4, 3, 0, 1.0, 0, 1.0,
328, 288, 480, 288, true, c37ae8ff, 0.5, 24, 4, 3, 0, 1.0, 0, 1.0,
480, 288, 480, 264, true, cca048ff, 0.5, 24, 4, 3, 0, 1.0, 0, 1.0,
480, 264, 448, 240, true, 2ba562ff, 0.5, 19, 4, 3, 0, 1.0, 0, 1.0,
448, 240, 416, 240, true, 3fa0d9ff, 0.5, 19, 4, 3, 0, 1.0, 0, 1.0,
416, 240, 416, 192, true, 812f8aff, 0.5, 19, 4, 3, 0, 1.0, 0, 1.0,
416, 192, 472, 192, true, c73759ff, 0.5, 19, 4, 3, 0, 1.0, 0, 1.0,
472, 192, 472, 152, true, f7388eff, 0.5, 19, 4, 3, 0, 1.0, 0, 1.0,
472, 152, 416, 152, true, 3bb74bff, 0.5, 19, 4, 3, 0, 1.0, 0, 1.0,
416, 152, 416, 80, true, aea661ff, 0.5, 19, 4, 3, 0, 1.0, 0, 1.0,
416, 80, 448, 80, true, 2ce982ff, 0.5, 19, 4, 3, 0, 1.0, 0, 1.0,
448, 80, 472, 56, true, b96982ff, 0.5, 19, 4, 3, 0, 1.0, 0, 1.0,
-56, 144, -64, 144, false, d669cbff, 0.20000002, 20, 8, 3, 0, 0.8, 0, 1.0,
-64, 144, -64, 128, false, ac74b4ff, 0.20000002, 20, 8, 3, 0, 0.8, 0, 1.0,
-64, 128, -152, 128, false, fb1baaff, 0.20000002, 20, 8, 3, 0, 0.8, 0, 1.0,
-152, 128, -152, 144, false, 2dbe63ff, 0.20000002, 20, 8, 3, 0, 0.8, 0, 1.0,
-152, 144, -152, 176, true, 65b32cff, 0.3, 22, 20, 3, 0, 1.0, 0, 1.0,
-152, 176, -152, 192, false, 5c62f2ff, 0.20000002, 0, 0, 3, 0, 0.8, 0, 1.0,
-152, 192, -64, 192, false, 21c6eeff, 0.20000002, 0, 0, 3, 0, 0.8, 0, 1.0,
-64, 192, -64, 176, false, 9cc570ff, 0.20000002, 0, 0, 3, 0, 0.8, 0, 1.0,
-64, 176, -56, 176, false, 7b21f3ff, 0.20000002, 0, 0, 3, 0, 0.8, 0, 1.0,
-152, 144, -160, 144, false, 3370b7ff, 0.3, 21, 20, 3, 0, 1.0, 0, 1.0,
-160, 144, -160, 40, false, dbc57fff, 0.3, 21, 20, 3, 0, 1.0, 0, 1.0,
-160, 40, -288, 40, false, 66dd95ff, 0.5, 0, 0, 3, 0, 1.0, 0, 1.0,
-288, 40, -288, 264, false, ce71f8ff, 0.5, 0, 0, 3, 0, 1.0, 0, 1.0,
-288, 264, -160, 264, false, 9c1ef6ff, 0.5, 0, 0, 3, 0, 1.0, 0, 1.0,
-160, 264, -160, 176, false, 7dc36dff, 0.5, 0, 0, 3, 0, 1.0, 0, 1.0,
-160, 176, -152, 176, false, 4dbf9aff, 0.5, 0, 0, 3, 0, 1.0, 0, 1.0,
-160, 176, -160, 144, true, 4dbf9aff, 0.5, 22, 21, 3, 0, 1.0, 0, 1.0,
-64, 176, -64, 144, true, 7b21f3ff, 0.20000002, 23, 20, 3, 0, 0.8, 0, 1.0,
64, 64, 64, 40, false, d18c8eff, 0.20000002, 0, 0, 7, 0, 1.0, 0, 1.0,
64, 40, 88, 40, false, 1c9929ff, 0.20000002, 0, 0, 7, 0, 1.0, 0, 1.0,
88, 40, 88, 64, false, 1f1befff, 0.5, 0, 0, 7, 0, 1.0, 0, 1.0,
88, 64, 64, 64, false, f1d7dcff, 0.70000005, 0, 0, 7, 0, 1.0, 0, 1.0,
136, 64, 136, 40, false, 31ac8fff, 0.20000002, 0, 0, 0, 0, 1.0, 0, 1.0,
136, 40, 160, 40, false, 7924b7ff, 0.20000002, 0, 0, 7, 0, 1.0, 0, 1.0,
160, 40, 160, 64, false, 2032faff, 0.5, 0, 0, 7, 0, 5.3333335, 0, 1.0,
160, 64, 136, 64, false, 772ab0ff, 0.70000005, 0, 0, 7, 0, 5.3333335, 0, 1.0,
328, 264, 480, 264, true, 436d40ff, 0.5, 24, 19, 3, 0, 1.0, 0, 1.0,
328, 128, 328, 112, false, 827b76ff, 0.5, 0, 0, 0, 0, 1.0, 0, 1.0,
328, 112, 344, 112, false, 88adcaff, 0.5, 0, 0, 0, 0, 1.0, 0, 1.0,
344, 112, 344, 128, false, 6f2fe6ff, 0.5, 0, 0, 0, 0, 1.0, 0, 1.0,
344, 128, 328, 128, false, ad4794ff, 0.5, 0, 0, 0, 0, 1.0, 0, 1.0,
328, 224, 328, 208, false, e3fe27ff, 0.5, 0, 0, 0, 0, 1.0, 0, 1.0,
328, 208, 344, 208, false, 7c8840ff, 0.5, 0, 0, 0, 0, 1.0, 0, 1.0,
344, 208, 344, 224, false, fbcb60ff, 0.5, 0, 0, 0, 0, 1.0, 0, 1.0,
344, 224, 328, 224, false, e8cecfff, 0.5, 0, 0, 0, 0, 1.0, 0, 1.0,
448, 224, 448, 208, false, 4ac9b4ff, 0.5, 0, 0, 0, 0, 1.0, 0, 1.0,
448, 208, 464, 208, false, 33be7aff, 0.5, 0, 0, 0, 0, 1.0, 0, 1.0,
464, 208, 464, 224, false, f4a18bff, 0.5, 0, 0, 0, 0, 1.0, 0, 1.0,
464, 224, 448, 224, false, 9af950ff, 0.5, 0, 0, 0, 0, 1.0, 0, 1.0,
448, 128, 448, 112, false, 88c38bff, 0.5, 0, 0, 0, 0, 1.0, 0, 1.0,
448, 112, 464, 112, false, ce6ddaff, 0.5, 0, 0, 0, 0, 1.0, 0, 1.0,
464, 112, 464, 128, false, ab3d2dff, 0.5, 0, 0, 0, 0, 1.0, 0, 1.0,
464, 128, 448, 128, false, 8545c5ff, 0.5, 0, 0, 0, 0, 1.0, 0, 1.0,
