3 SECTORS
-40, 20, 0.8, 0.8, 2, 0, 0, 1, 2, 3, 10, 11, 12, 13, END,
-40, 20, 0.8, 0.8, 2, 0, 3, 4, 5, 6, END,
-40, 20, 0.8, 0.8, 2, 0, 0, 7, 8, 9, END,
14, WALLS,
264, 264, 424, 264, true, 21891bff, 0.5, 2, 0, 0, 0, 1.0, 0, 1.0,
424, 264, 408, 152, false, af9675ff, 0.5, 0, 0, 0, 0, 1.0, 0, 1.0,
408, 152, 240, 120, false, 6e5b23ff, 0.5, 0, 0, 0, 0, 1.0, 0, 1.0,
240, 120, 264, 264, true, 7155a8ff, 0.5, 1, 0, 0, 0, 1.0, 0, 1.0,
240, 120, 208, 168, false, ba3fe9ff, 0.5, 1, 0, 0, 0, 1.0, 0, 1.0,
208, 168, 208, 264, false, 9e607dff, 0.5, 0, 0, 0, 0, 1.0, 0, 1.0,
208, 264, 264, 264, false, c57fa0ff, 0.5, 0, 0, 0, 0, 1.0, 0, 1.0,
264, 264, 280, 304, false, 32f01dff, 0.5, 2, 0, 0, 0, 1.0, 0, 1.0,
280, 304, 424, 296, false, b076fdff, 0.5, 0, 0, 0, 0, 1.0, 0, 1.0,
424, 296, 424, 264, false, cf756dff, 0.5, 0, 0, 0, 0, 1.0, 0, 1.0,
328, 184, 336, 168, false, 442525ff, 0.5, 0, 0, 0, 0, 1.0, 0, 1.0,
336, 168, 360, 184, false, a0e953ff, 0.5, 0, 0, 0, 0, 1.0, 0, 1.0,
360, 184, 352, 192, false, 575e57ff, 0.5, 0, 0, 0, 0, 1.0, 0, 1.0,
352, 192, 328, 184, false, 46af9bff, 0.5, 0, 0, 0, 0, 1.0, 0, 1.0,
