24 SECTORS
-24, 44, 0.5999999, 0.5999999, 6, 0, 16, 17, 1, 18, 19, 11, 20, 28, 29, 5, 31, 32, 22, 21, 2, 57, END, 
-24, 44, 0.09999999, 0.09999999, 6, 0, 18, 12, 0, 19, 14, 15, 13, 46, END, 
-40, 60, 0.79999995, 0.79999995, 4, 11, 6, 8, 9, 20, 22, 33, 34, 35, 10, 7, END, 
-30, 20, 0.8, 0.8, 2, 0, 23, 24, 25, 26, END, 
-24, 44, 0.09999993, 0.09999993, 6, 0, 31, 3, 4, 32, 30, 27, END, 
-32, 60, 0.79999995, 0.79999995, 6, 11, 33, 34, 35, 21, END, 
24, 60, 0.8, 0.8, 2, 11, 9, 36, 37, 38, END, 
-24, 36, 0.59999996, 0.59999996, 0, 5, 39, 40, 41, 44, 49, 50, 51, 55, 43, 42, 48, 59, 54, 66, 76, 86, END, 
-24, 20, 0.8, 0.8, 5, 5, 42, 56, 57, 58, END, 
0, 20, 0.39999998, 0.39999998, 3, 3, 59, 47, 46, 45, END, 
24, 60, 0.8, 0.8, 2, 11, 7, 60, 61, 62, END, 
-32, 60, 0.8, 0.8, 2, 11, 8, 63, 64, 65, END, 
-24, 60, 0.59999996, 0.59999996, 0, 5, 66, 67, 53, 88, 68, 69, 70, 71, 72, 73, 74, 75, END, 
-24, 60, 0.59999996, 0.59999996, 0, 5, 76, 77, 52, 90, 78, 79, 80, 81, 82, 83, 84, 85, END, 
-96, 60, 0.59999996, 0.59999996, 0, 5, 89, 85, 75, 100, END, 
-96, 36, 0.8, 0.8, 2, 0, 87, 88, 91, 92, 89, 90, END, 
-32, 60, 0.59999996, 0.59999996, 0, 5, 93, 67, 86, 77, END, 
-40, 60, 0.59999996, 0.59999996, 0, 5, 94, 78, 93, 68, END, 
-48, 60, 0.59999996, 0.59999996, 0, 5, 95, 69, 94, 79, END, 
-56, 60, 0.59999996, 0.59999996, 0, 5, 96, 70, 95, 80, END, 
-64, 60, 0.59999996, 0.59999996, 0, 5, 97, 71, 96, 81, END, 
-72, 60, 0.59999996, 0.59999996, 0, 5, 98, 72, 97, 82, END, 
-80, 60, 0.59999996, 0.59999996, 0, 5, 99, 73, 98, 83, END, 
-88, 60, 0.59999996, 0.59999996, 0, 5, 100, 74, 99, 84, END, 
101, WALLS, 
16, 16, 16, 56, false, dfb56dff, 0.20000002, 0, 0, 0, 0, 1.0, 0, 1.0, 
16, 56, 16, 72, false, 2ee1bcff, 0.5, 0, 0, 0, 0, 1.0, 0, 1.0, 
16, 112, 16, 128, false, 2a374fff, 0.5, 0, 0, 0, 0, 1.0, 0, 1.0, 
16, 128, 16, 168, false, d7bfdbff, 0.3, 0, 0, 0, 0, 1.0, 0, 1.0, 
16, 168, 72, 168, false, 392967ff, 0.3, 0, 0, 0, 0, 1.0, 0, 1.0, 
72, 168, 96, 168, false, 969c82ff, 0.5, 0, 0, 0, 0, 1.0, 0, 1.0, 
96, 168, 112, 184, false, b51a94ff, 0.5, 0, 0, 1, 0, 5.656854, -16, 1.1, 
112, 184, 240, 184, true, e6e043ff, 0.5, 10, 2, 5, 0, 1.0, 0, 1.0, 
240, 184, 240, 0, true, f684e0ff, 0.5, 11, 2, 0, 0, 1.0, -16, 1.0, 
240, 0, 112, 0, true, 1c92d5ff, 0.70000005, 6, 2, 5, 0, 1.0, -8, 1.1, 
112, 0, 96, 16, false, 9e2e8dff, 0.5, 0, 0, 1, 0, 5.656854, 0, 1.0, 
96, 16, 72, 16, false, 5c9a66ff, 0.5, 0, 0, 0, 0, 1.0, 0, 1.0, 
72, 16, 56, 16, false, cccb5dff, 0.20000002, 0, 0, 0, 0, 1.0, 0, 1.0, 
24, 16, 16, 16, false, 9e1c49ff, 0.20000002, 0, 0, 0, 0, 1.0, 0, 1.0, 
64, 64, 64, 48, false, 656267ff, 0.20000002, 0, 0, 2, 0, 2.1000001, 32, 1.0, 
64, 48, 80, 48, false, 4372abff, 0.20000002, 0, 0, 2, 0, 2.2000055, 0, 1.0, 
80, 48, 80, 64, false, 1d33cbff, 0.6, 0, 0, 2, 0, 2.2, 32, 1.0, 
80, 64, 64, 64, false, 2078d0ff, 0.6, 0, 0, 2, 0, 2.1000001, 0, 1.0, 
80, 48, 72, 16, true, 1d33cbff, 0.6, 1, 0, 2, 0, 2.2, 0, 1.0, 
16, 56, 64, 64, true, f071a4ff, 0.5, 1, 0, 2, 0, 1.0, 0, 1.0, 
96, 16, 96, 72, true, b51a94ff, 0.6, 2, 0, 0, 0, 1.0, 0, 1.0, 
96, 72, 96, 112, true, 4195b0ff, 0.6, 5, 0, 0, 0, 3.2, 16, 1.0, 
96, 112, 96, 168, true, 1fe03cff, 0.6, 2, 0, 0, 0, 1.0, 0, 1.0, 
256, -64, 280, -72, false, 56ed40ff, 0.5, 0, 0, 0, 0, 1.0, 0, 1.0, 
280, -72, 272, -104, false, 9dbd38ff, 0.5, 0, 0, 0, 0, 1.0, 0, 1.0, 
272, -104, 200, -104, false, 68fa8dff, 0.5, 0, 0, 0, 0, 1.0, 0, 1.0, 
200, -104, 256, -64, false, c43580ff, 0.5, 0, 0, 0, 0, 1.0, 0, 1.0, 
64, 136, 64, 120, false, e5a466ff, 0.3, 0, 0, 2, 0, 1.0, 0, 1.0, 
64, 120, 80, 120, false, 2774d5ff, 0.5, 0, 0, 2, 0, 1.0, 0, 1.0, 
80, 120, 80, 136, false, d0fae6ff, 0.5, 0, 0, 2, 0, 1.0, 0, 1.0, 
80, 136, 64, 136, false, aa4e99ff, 0.3, 0, 0, 2, 0, 1.0, 0, 1.0, 
64, 120, 16, 128, true, 2774d5ff, 0.5, 4, 0, 2, 0, 1.0, 0, 1.0, 
72, 168, 80, 136, true, 9cc3a7ff, 0.5, 4, 0, 2, 0, 1.0, 0, 1.0, 
96, 72, 112, 80, true, 4195b0ff, 0.5, 5, 2, 9, 0, 1.0, 0, 0.79999995, 
112, 80, 112, 104, true, 3abb77ff, 0.5, 5, 2, 9, 0, 1.0, 0, 0.79999995, 
112, 104, 96, 112, true, c5c0d7ff, 0.5, 5, 2, 9, 0, 1.0, 0, 0.6999999, 
240, 0, 240, -16, false, 804bfcff, 0.5, 6, 2, 1, 0, 8.0, 0, 1.0, 
240, -16, 112, -16, false, d0c5d5ff, 0.5, 0, 0, 11, 0, 1.0, 0, 1.0, 
112, -16, 112, 0, false, b8d56dff, 0.5, 0, 0, 1, 0, 8.0, 0, 1.0, 
88, 224, 88, 176, false, f19767ff, 0.5999999, 0, 0, 3, 0, 2.1666672, 0, 1.0, 
88, 176, 8, 176, false, 9f8e75ff, 0.5, 0, 0, 3, 12, 1.6, 0, 1.0, 
8, 176, 8, 112, false, b445efff, 0.5, 0, 0, 3, 12, 2.0, 0, 1.0, 
8, 112, 8, 72, true, 90c04bff, 0.5, 8, 7, 3, 12, 1.9000012, 0, 1.0, 
8, 72, 8, 8, false, cc56c0ff, 0.5, 0, 0, 3, 4, 2.0, 0, 1.0, 
8, 8, 24, 8, false, 482e49ff, 0.4, 0, 0, 3, 0, 1.0, 0, 1.0, 
24, 8, 24, 16, false, fac227ff, 0.3, 0, 0, 5, 0, 16.0, 0, 1.0, 
24, 16, 56, 16, true, f15bf6ff, 0.20000002, 1, 9, 0, 0, 1.0, 0, 1.0, 
56, 16, 56, 8, false, 3ee9d0ff, 0.3, 0, 0, 5, 0, 16.0, 0, 1.0, 
56, 8, 72, 8, false, 544b58ff, 0.4, 0, 0, 3, 0, 1.0, 0, 1.0, 
72, 8, 72, -48, false, 7e2293ff, 0.3, 0, 0, 3, 0, 1.0, 0, 1.0, 
72, -48, -40, -48, false, 9d2ad6ff, 0.5, 0, 0, 3, 0, 1.0, 0, 1.0, 
-40, -48, -40, 16, false, b74aaaff, 0.5, 0, 0, 3, 0, 1.0, 0, 1.0, 
-40, 16, -128, 16, false, 933b4bff, 0.5, 0, 0, 3, 0, 1.0, 0, 1.0, 
-128, 168, -40, 168, false, f0e4e2ff, 0.5, 0, 0, 3, 0, 1.0, 0, 1.0, 
-40, 168, -40, 224, false, fc3c6bff, 0.5, 0, 0, 3, 0, 1.0, 0, 1.0, 
-40, 224, 88, 224, false, 952955ff, 0.5, 0, 0, 3, 0, 1.0, 0, 1.0, 
8, 112, 16, 112, false, a83659ff, 0.8000001, 8, 7, 5, 0, 8.09997, 0, 2.8999994, 
16, 112, 16, 72, true, 73ae42ff, 0.5, 0, 8, 0, 0, 1.0, 0, 1.0, 
16, 72, 8, 72, false, 3889c4ff, 0.5, 0, 0, 5, 0, 8.599972, -4, 2.9999993, 
24, 8, 56, 8, true, fac227ff, 0.4, 9, 7, 3, 0, 1.0, 0, 1.0, 
112, 184, 112, 200, false, e67329ff, 0.5, 10, 2, 1, 0, 1.0, 0, 1.0, 
112, 200, 240, 200, false, 199269ff, 0.5, 0, 0, 11, 0, 1.0, 0, 1.0, 
240, 200, 240, 184, false, a743e3ff, 0.5, 0, 0, 1, 0, 8.0, 0, 1.0, 
240, 184, 512, 184, false, 86b472ff, 0.5, 11, 2, 12, 0, 1.0, 0, 1.0, 
512, 184, 512, 0, false, b78794ff, 0.5, 0, 0, 12, 0, 1.3956523, 0, 1.0, 
512, 0, 240, 0, false, 745dd7ff, 0.5, 0, 0, 12, 0, 0.9, 0, 1.0, 
-40, 168, -40, 120, true, fc3c6bff, 0.5, 12, 7, 3, 0, 1.0, 0, 1.0, 
-40, 120, -48, 120, true, 37a795ff, 0.5, 12, 16, 3, 0, 1.0, 0, 1.0, 
-48, 120, -56, 120, true, a03b35ff, 0.5, 12, 17, 3, 0, 1.0, 0, 1.0, 
-56, 120, -64, 120, true, 96e6dcff, 0.5, 12, 18, 3, 0, 1.0, 0, 1.0, 
-64, 120, -72, 120, true, af6f73ff, 0.5, 12, 19, 3, 0, 1.0, 0, 1.0, 
-72, 120, -80, 120, true, e49a82ff, 0.5, 12, 20, 3, 0, 1.0, 0, 1.0, 
-80, 120, -88, 120, true, c5609fff, 0.5, 12, 21, 3, 0, 1.0, 0, 1.0, 
-88, 120, -96, 120, true, e51fd5ff, 0.5, 12, 22, 3, 0, 1.0, 0, 1.0, 
-96, 120, -104, 120, true, 7e6688ff, 0.5, 12, 23, 3, 0, 1.0, 0, 1.0, 
-104, 120, -128, 120, true, fcfbe5ff, 0.5, 12, 14, 3, 0, 1.0, 0, 1.0, 
-40, 16, -40, 64, true, 933b4bff, 0.5, 13, 7, 3, 0, 1.0, 0, 1.0, 
-40, 64, -48, 64, true, e22995ff, 0.5, 13, 16, 3, 0, 1.0, 0, 1.0, 
-48, 64, -56, 64, true, 51e64cff, 0.5, 13, 17, 3, 0, 1.0, 0, 1.0, 
-56, 64, -64, 64, true, c256f3ff, 0.5, 13, 18, 3, 0, 1.0, 0, 1.0, 
-64, 64, -72, 64, true, 45c233ff, 0.5, 13, 19, 3, 0, 1.0, 0, 1.0, 
-72, 64, -80, 64, true, afe588ff, 0.5, 13, 20, 3, 0, 1.0, 0, 1.0, 
-80, 64, -88, 64, true, f64238ff, 0.5, 13, 21, 3, 0, 1.0, 0, 1.0, 
-88, 64, -96, 64, true, 2a4048ff, 0.5, 13, 22, 3, 0, 1.0, 0, 1.0, 
-96, 64, -104, 64, true, 94ef94ff, 0.5, 13, 23, 3, 0, 1.0, 0, 1.0, 
-104, 64, -128, 64, true, f39080ff, 0.5, 13, 14, 3, 0, 1.0, 0, 1.0, 
-40, 120, -40, 64, true, 37a795ff, 0.5, 16, 7, 3, 0, 2.2857144, -16, 1.0, 
-184, 168, -128, 168, false, ed9625ff, 0.5, 0, 0, 0, 0, 1.0, 0, 1.0, 
-128, 168, -128, 120, true, 1deb36ff, 0.5, 12, 15, 0, 0, 1.0, 0, 1.0, 
-128, 120, -128, 64, true, 2475ddff, 0.5, 14, 15, 0, 0, 1.0, 0, 1.0, 
-128, 64, -128, 16, true, ebdf1aff, 0.5, 13, 15, 0, 0, 1.0, 0, 1.0, 
-128, 16, -184, 16, false, 3c8a26ff, 0.5, 0, 0, 0, 0, 1.0, 0, 1.0, 
-184, 16, -184, 168, false, be374fff, 0.5, 0, 0, 0, 0, 1.0, 0, 1.0, 
-48, 64, -48, 120, true, 51e64cff, 0.5, 16, 17, 3, 0, 1.0, 0, 1.0, 
-56, 120, -56, 64, true, 96e6dcff, 0.5, 17, 18, 3, 0, 1.0, 0, 1.0, 
-64, 64, -64, 120, true, 45c233ff, 0.5, 18, 19, 3, 0, 1.0, 0, 1.0, 
-72, 64, -72, 120, true, afe588ff, 0.5, 19, 20, 3, 0, 1.0, 0, 1.0, 
-80, 64, -80, 120, true, f64238ff, 0.5, 20, 21, 3, 0, 1.0, 0, 1.0, 
-88, 64, -88, 120, true, 2a4048ff, 0.5, 21, 22, 3, 0, 1.0, 0, 1.0, 
-96, 64, -96, 120, true, 94ef94ff, 0.5, 22, 23, 3, 0, 1.0, 0, 1.0, 
-104, 64, -104, 120, true, f39080ff, 0.5, 23, 14, 3, 0, 1.0, 0, 1.0, 
